[LAUNCHER]
ID=1
X=176431.680592
Y=140854.99873
MISSILE_COUNT=4
MISSILE_IDS=101,102,103,104
