[LAUNCHER]
ID=1
X=176431.680592
Y=140854.99873
